Smith John 0.58 0.66 0.49 0.31 0.71 0.54 0.82 0.39 0.92 0.63
Johnson Emily 0.76 0.47 0.51 0.69 0.34 0.62 0.28 0.88 0.45 0.53
Williams Michael 0.83 0.41 0.74 0.22 0.89 0.96 0.67 0.33 0.90 0.79
Brown Sarah 0.27 0.94 0.81 0.18 0.61 0.49 0.72 0.55 0.98 0.87
Davis Olivia 0.37 0.24 0.65 0.85 0.77 0.95 0.57 0.46 0.75 0.42
Garcia Ethan 0.93 0.99 0.29 0.11 0.40 0.78 0.20 0.64 0.60 0.80
Rodriguez Sophia 0.50 0.15 0.84 0.68 0.73 0.58 0.86 0.35 0.91 0.52
Martinez Alexander 0.62 0.97 0.32 0.56 0.38 0.70 0.44 0.81 0.88 0.69
Hernandez Mia 0.79 0.90 0.76 0.48 0.30 0.83 0.61 0.21 0.59 0.26
Lopez Noah 0.45 0.75 0.43 0.92 0.87 0.67 0.51 0.25 0.36 0.64
